cell_type   name   final_density    start_density   death_alone_threshold   fate_death  all_death     all_move

0       on-off_dsgca    125         357             2.0367                  2.0334      
1       on-off_dsgcb    125         357             2.0367                  2.0334      
2       on-off_dsgcc    125         357             2.0367                  2.0334      
3       on-off_dsgcd    125         357             2.0367                  2.0334      
4       on-off_m3       20          57              1.9872                  1.9855      
5       on-off_led      250         714             2.116                   2.098       
6       on-off_u        20          57              1.9872                  1.9855      
7       on-off_v        20          57              1.9872                  1.9855      
8       on-off_w        60          171             2.001                   1.9978      
9       on-off_x        50          143             1.9968                  1.9945      
10      on-off_y        40          114             1.994                   1.993       
11      on-off_z        40          114             1.994                   1.993       

100     on_dsgca        40          114             1.994                   1.993       
101     on_dsgcb        40          114             1.994                   1.993       
102     on_dsgcc        40          114             1.994                   1.993       
103     on_aplha        40          114             1.994                   1.993       
104     on_m2           56          160             2.0                     1.9953      
105     on_m4           20          57              1.9872                  1.9855      
106     on_m5           20          57              1.9872                  1.9855      
107     on_o            150         428             2.05                    2.0425       
108     on_p            100         286             2.022                   2.018       
109     on_q            100         286             2.022                   2.018       
110     on_r            80          228             2.011                   2.0082      
111     on_s            60          171             2.001                   1.9978      
112     on_t            60          171             2.001                   1.9978      
113     on_u            50          143             1.9968                  1.9945      
114     on_v            50          143             1.9968                  1.9945      
115     on_w            34          97              1.993                   1.9934      
116     on_x            20          57              1.9872                  1.9855      
117     on_y            20          57              1.9872                  1.9855      
118     on_z            20          57              1.9872                  1.9855      

200     off_aplhaa      40          114             1.994                   1.993       
201     off_aplhab      40          114             1.994                   1.993       
202     off_m1          63          180             2.006                   1.9979      
203     off_j           200         571             2.078                   2.065       
204     off_mini_j      350         1000            2.179                   2.155       
205     off_midi_j      80          228             2.011                   2.0082      
206     off_u           20          57              1.9872                  1.9855      
207     off_v           20          57              1.9872                  1.9855      
208     off_w           60          171             2.001                   1.9978      
209     off_x           50          143             1.9968                  1.9945      
210     off_y           40          114             1.994                   1.993       
211     off_z           37          106             1.9935                  1.9928      

